50
[274.3711624227221, 197.19217577437269, 140.83818084866766, 99.99184387095725, 70.5228520050293, 49.35137716800315, 34.20805261136573, 23.430439702270167, 15.805297866137069, 10.449891679871376, 6.723963582569603, 4.16534232304504, 2.445046380409134, 1.3612847352459558, 1.1597172730997167, 1.0341133799427062, -0.9407508549821813, 0.9282519632059694, -0.8279360292473558, 0.8341970633163215, -0.722244300488629, 0.7503146847441126, 0.5446430068920851, -0.4931362716385243, 0.6076145364164485, -0.5325002626739247, 0.5443692035639863, 0.4830859768665205, -0.44827855436362185, 0.42412515384762534, -0.37159891291585445, 0.3676633689294209, 0.31409875471828896, -0.3016427055053599, 0.2645723378678112, -0.23948442298379444, 0.21818226323000367, -0.18417658998854772, 0.17512644365584704, -0.1353326576972444, 0.13454220122597677, 0.09849806085212773, -0.09517268085709443, 0.06486860040623356, -0.06157491945126425, -0.03517717674803233, 0.03460502258087066, -0.014008116823027484, 0.00818629951058475]
20
[184.3255211336336, 80.62942010809381, 33.46138963059234, 12.758265014438011, 4.057311170622955, -0.9362046538656821, -0.795550377205507, 0.6807956628571671, -0.6426324305801602, -0.502174592793751, -0.36720976644983827, -0.24831087538528143, -0.15637364419646974, 0.10734750016381252, -0.09082380918627096, 0.050282973867752365, -0.046907209806461556, -0.01801478917295872, 0.010647814945767081]
100
[316.57032130482384, 268.32769659491186, 227.13044027786657, 192.0445881702923, 162.20828804947135, 136.86386890970104, 115.35541356180408, 97.1186230349086, 81.6695996648167, 68.59421935572338, 57.53855690065076, 48.20044900210278, 40.32214553414541, 33.683952862786235, 28.098761251225636, 23.40735162766585, 19.47438733707297, 16.18501140335409, 13.441990740643206, 11.163384069399893, 9.280790506382623, 7.738491717373514, 6.495046545749518, 5.54279649744925, 5.19860466495489, 4.9914045430936556, 4.828456685953227, 4.6898048389675795, 4.545911517416088, 4.400877666919369, 4.2642290201674395, 4.137138963711861, 4.014568299972513, 3.8930091676258685, 3.7729470999276784, 3.6552172954742437, 3.53968479280551, 3.4258893770914347, 3.313610997319157, 3.2028359350938334, 3.0935892416569497, 2.985880004362745, 2.879704623781386, 2.7750639920282794, 2.671963137322837, 2.5704099015125115, 2.4704128901309925, 2.371980911931252, 2.2751230611548228, 2.1798487275308864, 2.086167695443295, 1.9940901314931927, 1.9036266124945602, 1.8147881589683097, 1.7275862522649155, 1.642032892105666, 1.5581406208699786, 1.475922601479254, 1.395392644844594, 1.316565296942686, 1.239455905923559, 1.1640807108375304, 1.0904569429196687, 1.0186091492326823, -0.9408480092343792, 0.9485383671480291, 0.880287170543662, -0.8279391797539655, 0.8138627499158122, -2.931871927690836, 2.958926078852338, 0.6866191452997004, -0.6237646662927461, 0.6258492807670348, 0.567030535357568, -0.5325049258025581, 0.5101903379830204, -0.43109233302054367, 0.43800483800707396, 0.4026147824206708, -0.3716238761042832, 0.35197587067252967, -0.2632323030884886, 0.2647398667274476, 0.2572932128532523, -0.2395999603199593, 0.21340135638948848, -0.1844096345080465, 0.17193760895271204, -0.13643372990844324, 0.13302865706647693, 0.007665288631236944, -0.006498019748355954, 0.06335167855210412, -0.06187984770052949, -0.03569854406128204, 0.033630654984625336, -0.014544409382943347, 0.007464496383623578]

300:

T 342.951 s
Matrix of hamiltonian H:
too large
Eigenvalues:
 [368.85247368919846, 344.7068210322459, 326.6764601886937, 309.77045721204826, 293.76400748783874, 278.60557377518563, 264.2523054184834, 250.66314184354016, 237.79894132162516, 225.62244381404793, 214.09821972270282, 203.19260749159983, 192.8736438553504, 183.11099576505083, 173.8758873396758, 165.14103127664782, 156.8805603112843, 149.06996180644833, 141.68601463910667, 134.70672920007522, 128.11128998573656, 121.88000181687036, 115.99423881895407, 110.43639690550427, 105.18984934242276, 100.23890617271553, 95.56877731044179, 91.16553933110576, 87.0161075444674, 83.10821258136357, 79.430383807687, 75.97194045048569, 72.72299274185491, 69.67445461118665, 66.81809912996759, 64.14657231419112, 61.65358500703524, 59.33404092149037, 57.18443940635519, 55.20354355078479, 53.39387460136268, 51.76575529694688, 50.3538182017983, 49.38056911692021, 54.714432277452644, 42.912260595703174, 48.25572432911843, 47.9143235868228, 47.53162423433127, 47.217886432569344, 46.819199908438364, 46.54595840975908, 46.174877443807894, 45.8439360486607, 45.49249847597951, 45.18765857585953, 44.80284842377652, 44.4733133644721, 44.249651489016976, 43.8402615278716, 43.497696621453706, 43.21199111974365, 42.81339787310844, 42.51077792724807, 42.20657079755251, 41.94162341999864, 41.43268774815976, 41.36820956158636, 40.871455513767344, 40.627820456352026, 40.30246077933722, 39.923978829153874, 39.5744390341767, 39.30842942582051, 39.14466483681308, 38.70121066908848, 38.38014139977183, 38.07090830972865, 37.762360580584925, 37.44844629329474, 37.16360452381427, 36.52518359439164, 36.868320620674446, 36.25149426786054, 35.91665753437766, 35.638512705189974, 35.312550049261, 34.96011895596422, 34.79884560385371, 34.34840820388109, 34.212377303162995, 33.85695359343709, 33.56234134097394, 33.203163396842704, 32.9870132834201, 32.6674358334752, 32.369782618396684, 32.07889519030579, 31.76101833772341, 31.610652995969655, 31.200766809152984, 30.950957634135158, 30.659493622907906, 30.04926618129171, 30.433359130683495, 29.79444540129368, 29.56827311370899, 29.24659452825868, 28.952975724244244, 27.36944641654887, 29.79719784222864, 28.160543565763437, 28.072512213064226, 27.447746297163878, 27.32073889833382, 27.1087759825227, 26.806601870981105, 26.56405931591749, 26.179282643855117, 26.097800456707144, 25.765056895328865, 25.48859319274965, 25.223503049006162, 24.974442755170887, 24.70488483082738, 24.37150525542564, 24.295329127171605, 23.944071062347636, 23.7067217449022, 23.43120512649348, 23.101162164864412, 23.02708834250022, 20.811448960719783, 24.313647788345243, 22.192261263967684, 21.93176297267894, 21.86416450085632, 21.32287647265613, 21.128793296354477, 21.062365752434296, 20.754258609016624, 20.481139186774712, 20.264425931771243, 20.034154046231787, 19.779559654637573, 19.55783242830452, 19.336471981089637, 19.08911364201785, 18.855340929791932, 18.64134743639009, 18.40146353515271, 18.18625728582868, 17.947600958940104, 17.734028177979702, 17.424546738095295, 17.380387956762952, 17.06078510870374, 16.777816122829652, 16.668680041917575, 16.41340643602891, 16.20977071003858, 15.97052920549705, 15.763498685426233, 15.543662178699437, 14.991242931934542, 15.451005849806894, 14.940165844973997, 14.743502107421289, 14.452977348973917, 14.343831396752755, 14.092115489378322, 13.901516414760456, 13.70845212821475, 13.501066223749861, 13.275845345264788, 13.128304538691753, 12.837598279880767, 12.789831273375892, 12.511019385439605, 12.329289381137643, 12.132258785076562, 11.951976501313633, 11.751383140947977, 11.56952699899335, 11.383303913584836, 11.198611815301353, 11.013687580542328, 10.832622693912796, 10.652509723755177, 10.471756338898192, 10.293258950404004, 10.116413237317877, 9.941019571923025, 9.766078484909809, 9.592862396652121, 9.414832520223296, 9.257068535665045, 9.096802475139112, 8.897867144087716, 8.74675531653281, 8.581305671254986, 8.417301889693594, 8.254955077031646, 8.093412994627515, 7.933367665642353, 7.7746893521426195, 7.61734840085126, 7.4521489042153295, 7.315870007124301, 7.153504063718901, 7.001275712791089, 6.850783030783346, 6.701584758808705, 6.553626147822389, 6.407245057933075, 6.262041082841697, 6.11827813804243, 5.9759327651184195, 5.834877607245989, 5.695300752796647, 5.557091949864811, 5.420281731358959, 5.284848346330043, 5.150898991265821, 5.0182963335498485, 4.887112935406949, 4.757376681418589, 4.629061977337311, 4.5021819141624615, 4.376736605033499, 4.252742409586488, 4.130193721339987, 4.009105510840362, 3.889477833558115, 3.7713190464923545, 3.654635006303926, 3.5394322348431855, 3.425717226033269, 3.313497180842665, 3.2027774095660377, 3.0935674463550096, 2.985873134012005, 2.879702185089153, 2.7750625547689065, 2.6719621894727554, 2.5704094029614426, 2.470412653696493, 2.371980840514841, 2.275123034438798, 2.1798487189379387, 2.086167690372548, 1.9940901266543503, 1.9036266100512678, 1.8147881558196433, 1.727586234644213, 1.6420328575356988, 1.5581405742080972, 1.475922573618947, 1.3953926365737115, 1.3165652863414548, 1.2394559030511898, 1.164080666796664, 1.0904569152376355, 1.0186029393111433, 0.5818109686094854, -0.5741144585913717, 0.8802840151414372, -0.8278730459958344, 0.8137995959844551, 0.7492986538184367, -0.7222445243664365, 0.686619134547645, 0.47949974635893483, -0.4774153899461682, 0.5670310645551564, -0.5325055898030804, 0.5101903219051799, 0.45535824470572306, -0.4484465898614904, 0.40261477579180666, -0.3716222134858825, 0.35197569729856476, 0.09792862822358483, -0.09642098313229053, 0.2572932114772922, -0.23959996183405885, 0.21340135618079173, -0.18440963453725498, 0.17193760884116693, -0.13643372979973534, 0.13302865603411146, 0.01091011736641101, -0.009742848640890367, 0.06359523490321414, -0.06212340427705697, -0.035698549948131236, 0.03363065351769205, -0.014544343865186412, 0.00746449614573081]

T 5694.519 s

Total time: 5694.521 s

Process finished with exit code 0
